####### AlexNet ########
2023-07-19 02:43:10,753 - ***** Running validation *****
2023-07-19 02:43:10,753 -   Num steps = 49
2023-07-19 02:43:10,753 -   Batch size = 1
KEYS =  ('fusedImage', 'label')
for validation
probs= [[4.22334950e-03 3.45081478e-01 6.50695145e-01]
 [3.00291806e-01 1.37106059e-02 6.85997605e-01]
 [1.92451328e-01 6.95846438e-01 1.11702345e-01]
 [3.00028361e-03 1.18273474e-01 8.78726244e-01]
 [1.18253415e-03 2.03604740e-03 9.96781349e-01]
 [1.68615452e-03 8.95570368e-02 9.08756852e-01]
 [3.00985396e-01 4.01094377e-01 2.97920227e-01]
 [8.12315702e-01 2.75597628e-02 1.60124525e-01]
 [9.50616837e-01 6.26839790e-03 4.31147814e-02]
 [9.98752378e-03 9.10533428e-01 7.94789717e-02]
 [6.93294359e-03 1.98223844e-01 7.94843197e-01]
 [4.92867976e-02 2.99338669e-01 6.51374578e-01]
 [4.44825947e-01 4.99966979e-01 5.52070886e-02]
 [5.18190563e-02 4.76010144e-01 4.72170830e-01]
 [1.81591764e-04 2.45461576e-02 9.75272238e-01]
 [1.32522183e-02 4.97126043e-01 4.89621758e-01]
 [9.76691395e-02 2.86730938e-03 8.99463594e-01]
 [9.80888214e-03 2.41700560e-01 7.48490512e-01]
 [1.58215389e-02 1.77040502e-01 8.07138026e-01]
 [3.52982022e-02 5.18594444e-01 4.46107328e-01]
 [4.63155098e-04 9.95752454e-01 3.78440903e-03]
 [9.89783704e-01 4.85582044e-03 5.36050275e-03]
 [4.10439640e-01 8.66009071e-02 5.02959490e-01]
 [4.00740653e-02 6.57760799e-01 3.02165180e-01]
 [8.30564797e-02 4.53410804e-01 4.63532716e-01]
 [6.54668501e-03 9.32289422e-01 6.11638874e-02]
 [1.53074652e-01 7.47053266e-01 9.98721048e-02]
 [1.30151674e-01 1.04250163e-01 7.65598118e-01]
 [7.19999075e-02 3.27544034e-01 6.00456059e-01]
 [9.00454044e-01 4.58403403e-04 9.90875959e-02]
 [1.62933320e-02 6.64642528e-02 9.17242348e-01]
 [4.63943416e-03 5.45485653e-02 9.40811992e-01]
 [4.28986587e-02 2.49875143e-01 7.07226217e-01]
 [9.91701066e-01 4.46292711e-03 3.83600313e-03]
 [2.92999834e-01 6.56589091e-01 5.04110344e-02]
 [2.15027824e-01 8.00370052e-02 7.04935193e-01]
 [1.90591887e-02 6.55189380e-02 9.15421903e-01]
 [1.83729443e-03 1.11779794e-01 8.86382878e-01]
 [3.15141797e-01 6.39972091e-01 4.48860750e-02]
 [1.13344535e-01 2.91345358e-01 5.95310152e-01]
 [8.94110128e-02 7.00348258e-01 2.10240781e-01]
 [8.61011737e-04 9.91174042e-01 7.96497893e-03]
 [7.29755759e-02 2.88930595e-01 6.38093829e-01]
 [5.64674914e-01 2.56075740e-01 1.79249361e-01]
 [3.87964904e-01 5.76925516e-01 3.51096317e-02]
 [7.57749798e-03 1.25132218e-01 8.67290199e-01]
 [1.33231059e-01 1.59769997e-01 7.06999004e-01]
 [2.59433627e-01 1.16851600e-02 7.28881240e-01]
 [2.99581569e-02 3.95600289e-01 5.74441493e-01]]
preds= [2 2 1 2 2 2 1 0 0 1 2 2 1 1 2 1 2 2 2 1 1 0 2 1 2 1 1 2 2 0 2 2 2 0 1 2 2
 2 1 2 1 1 2 0 1 2 2 2 2]
labels= [2 0 2 2 1 2 0 2 0 0 2 2 0 1 2 1 0 2 1 0 2 0 2 0 2 1 1 2 1 0 1 2 2 0 1 1 0
 2 1 2 1 1 0 1 2 0 2 1 2]
patient= ['CAD-226', 'NU_Patient_0008', 'AHN21', 'CAD-205', 'CAD-181', 'CAD-233', 'nyu_Patient_0128', 'CAD-314', 'CAD-41', 'nyu_Patient_0169', 'CAD-232', 'CAD-306', 'CAD-73', 'CAD-196', 'CAD-218', 'CAD-204', 'nyu_Patient_0016', 'CAD-256', 'nyu_Patient_0133', 'CAD-39', 'nyu_Patient_0010', 'nyu_Patient_0108', 'CAD-249', 'NU_Patient_0005', 'CAD-311', 'MCA45', 'MCA140', 'nyu_Patient_0100', 'MCF_10', 'nyu_Patient_0050', 'CAD-152', 'CAD-310', 'nyu_Patient_0168', 'NU_Patient_0004', 'MCA48', 'MCF_20', 'nyu_Patient_0001', 'CAD-316', 'MCA126', 'CAD-272', 'nyu_Patient_0026', 'CAD-160', 'CAD-68', 'CAD-139', 'MCF_16', 'CAD-81', 'MCA75', 'nyu_Patient_0013', 'CAD-241']
2023-07-19 02:43:11,428 - 

2023-07-19 02:43:11,428 - validation Results
2023-07-19 02:43:11,428 - Global Steps: 0
2023-07-19 02:43:11,428 - validation Loss: 1.42281
validation/accuracy_simple 0.5714285714285714
validation/accuracy_balanced 0.5396825396825397
2023-07-19 02:43:11,429 - ***** Running training *****
2023-07-19 02:43:11,429 -   Num steps = 7
2023-07-19 02:43:11,429 -   Batch size = 1
KEYS =  ('fusedImage', 'label')
for validation
probs= [[2.51871586e-01 4.84662771e-01 2.63465703e-01]
 [1.18860930e-01 7.70313740e-01 1.10825330e-01]
 [1.68797120e-01 3.19669247e-01 5.11533618e-01]
 [2.27129441e-02 6.62009656e-01 3.15277487e-01]
 [8.56856704e-01 9.64355469e-02 4.67078015e-02]
 [5.64354300e-01 4.05218869e-01 3.04268077e-02]
 [2.89571807e-02 4.00226533e-01 5.70816219e-01]
 [1.91135536e-04 7.17348186e-04 9.99091506e-01]
 [2.09817337e-03 1.82728469e-02 9.79628980e-01]
 [8.52027118e-01 1.11967633e-02 1.36776209e-01]
 [6.39239931e-03 9.46927786e-01 4.66797426e-02]
 [1.49542633e-02 3.12795311e-01 6.72250390e-01]
 [9.83286977e-01 5.21085225e-04 1.61919743e-02]
 [7.85235763e-01 1.75357237e-01 3.94068919e-02]
 [1.26259193e-01 1.81738734e-01 6.92002058e-01]
 [6.69352785e-02 8.46485436e-01 8.65792036e-02]
 [1.37122780e-01 2.97833413e-01 5.65043807e-01]
 [2.81331651e-02 1.09146513e-01 8.62720370e-01]
 [1.09324660e-02 3.83807272e-02 9.50686872e-01]
 [3.10919315e-01 3.96161050e-01 2.92919636e-01]
 [8.20857346e-01 1.32319406e-01 4.68232334e-02]
 [1.78363081e-02 1.33152395e-01 8.49011302e-01]
 [9.89900291e-01 7.52269570e-03 2.57694232e-03]
 [1.65092692e-01 8.06707561e-01 2.81998776e-02]
 [9.64022577e-02 6.86805487e-01 2.16792271e-01]
 [9.58374981e-03 5.18201813e-02 9.38596010e-01]
 [5.89363510e-03 1.47399912e-02 9.79366362e-01]
 [4.42078635e-02 1.05102062e-01 8.50690067e-01]
 [4.83535171e-01 2.28127301e-01 2.88337439e-01]
 [6.90386295e-01 1.39221922e-01 1.70391709e-01]
 [7.28802085e-02 2.72775501e-01 6.54344320e-01]
 [1.83094908e-02 9.51333106e-01 3.03574782e-02]
 [3.84404957e-01 5.02761841e-01 1.12833261e-01]
 [3.51800583e-02 2.89631248e-01 6.75188720e-01]
 [4.60817575e-01 3.39612454e-01 1.99569941e-01]
 [5.75559974e-01 3.77476305e-01 4.69637625e-02]
 [1.34920971e-02 1.48218587e-01 8.38289320e-01]
 [8.09301734e-02 7.59907603e-01 1.59162208e-01]
 [4.31130491e-02 3.53535086e-01 6.03351831e-01]
 [4.46194410e-02 3.85906845e-01 5.69473684e-01]
 [1.86024420e-02 3.54141891e-01 6.27255678e-01]
 [8.36557448e-01 3.77185387e-03 1.59670815e-01]
 [3.23547482e-01 6.02209628e-01 7.42428899e-02]
 [5.04107098e-04 9.19956207e-01 7.95396417e-02]
 [9.76607382e-01 4.60492913e-03 1.87877286e-02]
 [4.26482409e-01 1.87184677e-01 3.86332929e-01]
 [5.88082969e-01 3.88488770e-01 2.34282631e-02]
 [1.10220921e-03 1.57272920e-03 9.97325063e-01]
 [1.75735071e-01 4.72890913e-01 3.51374090e-01]
 [5.63798696e-02 1.49490848e-01 7.94129252e-01]
 [3.22411656e-02 4.39323336e-01 5.28435469e-01]
 [7.69392401e-02 7.66655505e-01 1.56405166e-01]
 [2.41518766e-01 2.97677130e-01 4.60804075e-01]
 [9.73744690e-01 3.39278416e-03 2.28625070e-02]
 [4.52187769e-02 1.49244979e-01 8.05536270e-01]
 [4.68145162e-01 3.71091455e-01 1.60763398e-01]
 [9.56853852e-03 1.33172767e-02 9.77114141e-01]
 [6.89967036e-01 1.43323183e-01 1.66709781e-01]
 [1.31285721e-02 1.19447215e-02 9.74926770e-01]
 [6.47798702e-02 4.01878774e-01 5.33341348e-01]
 [4.51871008e-02 4.49263811e-01 5.05549133e-01]
 [9.99274909e-01 5.63821639e-04 1.61321004e-04]
 [3.22487950e-02 7.30549574e-01 2.37201601e-01]
 [1.34613402e-02 6.95739746e-01 2.90798932e-01]
 [3.86105687e-03 2.43123174e-02 9.71826613e-01]
 [6.66694948e-03 9.85370517e-01 7.96253607e-03]
 [2.97474056e-01 4.73098606e-01 2.29427323e-01]
 [6.62175789e-02 8.55469465e-01 7.83129185e-02]
 [9.67018597e-04 2.11393833e-01 7.87639141e-01]
 [9.95254993e-01 5.87550225e-04 4.15751012e-03]
 [1.78268389e-03 1.01763299e-02 9.88040924e-01]
 [6.47510495e-03 1.63675696e-01 8.29849124e-01]
 [8.79372418e-01 4.66328189e-02 7.39947706e-02]
 [1.71271560e-03 1.40043432e-02 9.84282911e-01]
 [4.54335772e-02 3.61021221e-01 5.93545139e-01]
 [1.60306401e-03 3.26942094e-03 9.95127439e-01]
 [4.03141323e-03 5.62936673e-03 9.90339220e-01]
 [2.62558341e-01 1.61860257e-01 5.75581431e-01]
 [7.87596405e-01 2.16379464e-02 1.90765664e-01]
 [5.14072478e-01 6.53388118e-03 4.79393572e-01]
 [6.42581657e-02 8.69828880e-01 6.59129694e-02]
 [1.90977320e-01 7.15516865e-01 9.35058817e-02]
 [1.61372853e-04 4.51372071e-05 9.99793470e-01]
 [1.44038652e-03 9.96150263e-03 9.88598108e-01]
 [1.74766928e-02 4.46735442e-01 5.35787880e-01]
 [1.19950585e-01 7.28273869e-01 1.51775628e-01]
 [1.87191609e-02 2.73548573e-01 7.07732320e-01]
 [9.59492743e-01 3.95568879e-03 3.65515351e-02]
 [8.83018505e-03 9.81682122e-01 9.48775001e-03]
 [3.15467507e-01 3.56543772e-02 6.48878098e-01]
 [7.21058156e-03 6.84927776e-03 9.85940099e-01]
 [6.48113012e-01 1.82800591e-01 1.69086382e-01]
 [9.90517318e-01 3.60751688e-03 5.87511342e-03]
 [9.35386956e-01 6.23579845e-02 2.25509517e-03]
 [9.11379829e-02 8.73872042e-01 3.49899307e-02]
 [6.23256564e-02 1.16742417e-01 8.20931971e-01]
 [6.27121255e-02 9.13238525e-01 2.40494236e-02]
 [4.21301350e-02 6.45241439e-01 3.12628418e-01]
 [4.27122712e-02 4.97808354e-03 9.52309608e-01]
 [2.09642828e-01 5.83830953e-01 2.06526190e-01]
 [2.30366204e-04 2.23523192e-02 9.77417350e-01]
 [9.72551882e-01 3.75741773e-04 2.70723328e-02]
 [8.70544091e-03 1.96041390e-01 7.95253158e-01]
 [2.07861699e-02 2.97324564e-02 9.49481368e-01]
 [3.11648011e-01 3.85141484e-02 6.49837792e-01]
 [1.20148808e-03 6.23134477e-03 9.92567182e-01]
 [4.05321389e-01 5.75939059e-01 1.87395476e-02]
 [5.15143573e-01 4.32532459e-01 5.23239672e-02]
 [3.71184468e-01 5.20980835e-01 1.07834712e-01]
 [7.44574657e-03 8.61583948e-02 9.06395793e-01]
 [6.75497502e-02 9.30977464e-01 1.47275045e-03]
 [2.94001698e-01 5.94477594e-01 1.11520693e-01]
 [1.64661095e-01 1.10766679e-01 7.24572241e-01]
 [7.46555906e-03 3.44316289e-02 9.58102822e-01]
 [4.22570169e-01 4.92950641e-02 5.28134823e-01]
 [1.73121254e-04 5.62703311e-02 9.43556488e-01]
 [3.51894967e-04 1.48107195e-02 9.84837472e-01]
 [7.34837592e-01 1.21161602e-01 1.44000843e-01]
 [3.06698084e-02 9.33324218e-01 3.60058807e-02]
 [9.43519890e-01 2.38943510e-02 3.25857848e-02]
 [1.19753487e-01 1.83188245e-01 6.97058260e-01]
 [8.11881721e-01 1.53163657e-01 3.49546708e-02]
 [8.17790907e-03 6.17796898e-01 3.74025226e-01]
 [9.17812884e-01 4.54549976e-02 3.67320664e-02]
 [5.83934903e-01 1.65517375e-01 2.50547677e-01]
 [1.86587811e-01 2.68825889e-01 5.44586241e-01]
 [1.24370553e-01 1.07312687e-02 8.64898205e-01]
 [3.25745791e-01 6.44916475e-01 2.93377656e-02]
 [5.39637841e-02 2.96521902e-01 6.49514318e-01]
 [2.45669158e-03 4.95693162e-02 9.47974026e-01]
 [1.49143732e-03 9.92827341e-02 8.99225831e-01]
 [6.06961489e-01 2.47079417e-01 1.45959124e-01]
 [1.41353115e-01 4.75368977e-01 3.83278012e-01]
 [4.31348395e-04 1.10076636e-01 8.89492035e-01]
 [7.49894202e-01 6.31571747e-03 2.43790120e-01]
 [8.92317176e-01 2.66497792e-03 1.05017826e-01]
 [4.33980376e-02 9.51729953e-01 4.87198308e-03]
 [3.01281493e-02 8.61120582e-01 1.08751275e-01]
 [1.22578658e-01 7.29289889e-01 1.48131415e-01]
 [1.30334320e-02 9.54750180e-01 3.22163515e-02]
 [4.55492660e-02 2.69717932e-01 6.84732795e-01]
 [4.33628619e-01 1.51791796e-01 4.14579630e-01]
 [5.58485801e-04 2.25388054e-02 9.76902723e-01]
 [2.16358095e-01 3.03052187e-01 4.80589658e-01]
 [7.23715276e-02 6.33114934e-01 2.94513553e-01]
 [9.04179633e-01 1.87350623e-03 9.39467773e-02]
 [4.93255854e-02 6.29089236e-01 3.21585208e-01]
 [9.32508484e-02 4.56491821e-02 8.61099899e-01]
 [5.01468599e-01 3.21702719e-01 1.76828623e-01]
 [6.92583760e-03 6.66428134e-02 9.26431358e-01]
 [1.96756274e-02 3.52860987e-01 6.27463400e-01]
 [2.62594640e-01 6.53877199e-01 8.35281387e-02]
 [4.22947586e-01 3.41306664e-02 5.42921782e-01]
 [7.24491715e-01 1.78213120e-01 9.72951725e-02]
 [3.19537669e-02 2.13192448e-01 7.54853785e-01]
 [1.99262008e-01 2.25114375e-01 5.75623631e-01]
 [1.73113542e-03 6.73491806e-02 9.30919647e-01]
 [3.01164892e-02 5.29259324e-01 4.40624148e-01]
 [3.84552360e-01 2.60511756e-01 3.54935914e-01]
 [1.79275364e-01 3.51378262e-01 4.69346434e-01]
 [2.42137108e-02 6.35435879e-01 3.40350330e-01]
 [3.15737575e-02 7.49653637e-01 2.18772590e-01]
 [1.22542745e-02 7.33219460e-03 9.80413496e-01]
 [3.80879164e-01 1.40466303e-01 4.78654504e-01]
 [4.19862658e-01 2.77236819e-01 3.02900583e-01]
 [1.99462045e-02 1.37117252e-01 8.42936575e-01]
 [4.00456518e-01 1.79367229e-01 4.20176268e-01]
 [1.29684266e-02 9.86840963e-01 1.90591163e-04]
 [3.24816555e-01 5.45103729e-01 1.30079702e-01]
 [1.41083924e-02 7.30346859e-01 2.55544692e-01]
 [2.32724138e-02 1.41739011e-01 8.34988594e-01]
 [3.54243591e-02 8.80461931e-01 8.41137543e-02]
 [7.68518597e-02 4.03013140e-01 5.20134985e-01]
 [2.21623361e-01 1.60952643e-01 6.17424011e-01]
 [9.81156707e-01 1.58778373e-02 2.96553457e-03]
 [3.76107156e-01 3.70086581e-01 2.53806263e-01]
 [3.22084069e-01 4.54664350e-01 2.23251566e-01]
 [2.62299529e-03 5.99450171e-01 3.97926807e-01]
 [2.07066149e-01 6.39607072e-01 1.53326720e-01]
 [6.83071792e-01 1.27269775e-01 1.89658388e-01]
 [6.26123995e-02 8.63491356e-01 7.38962218e-02]
 [9.37203541e-02 2.52296329e-01 6.53983295e-01]
 [3.97775859e-01 4.26676303e-01 1.75547883e-01]
 [8.58587384e-01 2.17552949e-02 1.19657353e-01]
 [2.07329704e-03 5.86028993e-02 9.39323843e-01]
 [1.39196083e-01 7.58318841e-01 1.02485083e-01]
 [9.22186136e-01 6.00834712e-02 1.77303385e-02]
 [5.34049749e-01 1.61557585e-01 3.04392636e-01]
 [5.00593567e-04 5.57392053e-02 9.43760216e-01]
 [4.49331135e-01 2.75751144e-01 2.74917692e-01]
 [6.29617691e-01 1.41058952e-01 2.29323313e-01]
 [2.75727451e-01 5.08847773e-01 2.15424776e-01]
 [6.92208996e-03 7.31785357e-01 2.61292607e-01]
 [4.14246991e-02 4.17511344e-01 5.41063964e-01]
 [3.15916049e-03 1.64633561e-02 9.80377495e-01]
 [8.61171544e-01 1.30563214e-01 8.26536119e-03]
 [1.05007306e-01 5.60494483e-01 3.34498137e-01]]
preds= [1 1 2 1 0 0 2 2 2 0 1 2 0 0 2 1 2 2 2 1 0 2 0 1 1 2 2 2 0 0 2 1 1 2 0 0 2
 1 2 2 2 0 1 1 0 0 0 2 1 2 2 1 2 0 2 0 2 0 2 2 2 0 1 1 2 1 1 1 2 0 2 2 0 2
 2 2 2 2 0 0 1 1 2 2 2 1 2 0 1 2 2 0 0 0 1 2 1 1 2 1 2 0 2 2 2 2 1 0 1 2 1
 1 2 2 2 2 2 0 1 0 2 0 1 0 0 2 2 1 2 2 2 0 1 2 0 0 1 1 1 1 2 0 2 2 1 0 1 2
 0 2 2 1 2 0 2 2 2 1 0 2 1 1 2 2 0 2 2 1 1 1 2 1 2 2 0 0 1 1 1 0 1 2 1 0 2
 1 0 0 2 0 0 1 1 2 2 0 1]
labels= [1 1 1 1 0 0 1 2 2 0 1 2 0 0 0 1 1 2 2 2 0 2 0 1 2 2 2 2 0 0 2 1 1 2 1 0 2
 1 2 2 2 0 1 1 0 0 1 2 1 1 1 1 2 0 2 0 2 0 2 1 2 0 1 1 2 1 1 1 2 0 2 2 0 2
 1 2 2 2 0 0 1 1 2 2 1 1 2 0 1 2 2 0 0 0 1 2 1 2 2 0 2 0 2 2 2 2 1 1 1 2 1
 2 2 2 0 2 2 0 1 0 2 0 1 0 0 2 2 1 1 2 2 0 2 2 0 0 1 1 1 1 1 0 2 0 2 0 1 2
 1 2 1 0 2 0 1 2 2 1 1 1 1 1 2 0 0 1 0 1 1 1 2 1 0 2 0 0 1 1 0 0 1 2 1 0 2
 1 0 0 2 0 0 1 1 1 2 0 1]
patient= ['CAD-172', 'nyu_Patient_0090', 'MCF_04', 'nyu_Patient_0066', 'NU_Patient_0009', 'CAD-60', 'CAD-146', 'CAD-283', 'MCF_27', 'nyu_Patient_0038', 'nyu_Patient_0081', 'CAD-234', 'AHN02', 'nyu_Patient_0141', 'AHN12', 'nyu_Patient_0022', 'CAD-138', 'CAD-250', 'nyu_Patient_0171', 'CAD-252', 'NU_Patient_0020', 'nyu_Patient_0025', 'CAD-93', 'CAD-178', 'nyu_Patient_0132', 'nyu_Patient_0053', 'nyu_Patient_0018', 'CAD-209', 'nyu_Patient_0086', 'AHN09', 'CAD-262', 'CAD-174', 'MCF_24', 'CAD-292', 'nyu_Patient_0085', 'nyu_Patient_0079', 'CAD-110', 'AHN23', 'MCA22', 'CAD-289', 'CAD-260', 'CAD-62', 'CAD-120', 'nyu_Patient_0150', 'CAD-63', 'nyu_Patient_0012', 'CAD-171', 'CAD-228', 'CAD-192', 'nyu_Patient_0156', 'CAD-162', 'MCA65', 'nyu_Patient_0095', 'AHN77', 'CAD-213', 'CAD-55', 'CAD-225', 'CAD-03', 'CAD-224', 'CAD-182', 'nyu_Patient_0073', 'CAD-49', 'nyu_Patient_0036', 'CAD-133', 'CAD-244', 'MCA02', 'nyu_Patient_0173', 'CAD-134', 'CAD-245', 'nyu_Patient_0009', 'AHN29', 'CAD-296', 'AHN05', 'CAD-315', 'nyu_Patient_0126', 'CAD-265', 'CAD-227', 'MCF_14', 'NU_Patient_0019', 'NU_Patient_0011', 'CAD-168', 'MCA26', 'CAD-219', 'CAD-107', 'CAD-142', 'CAD-183', 'CAD-251', 'NU_Patient_0006', 'nyu_Patient_0058', 'nyu_Patient_0045', 'MCF_42', 'nyu_Patient_0072', 'AHN16', 'CAD-33', 'MCA124', 'MCF_18', 'nyu_Patient_0004', 'CAD-269', 'MCA29', 'nyu_Patient_0146', 'CAD-255', 'NU_Patient_0013', 'MCF_05', 'CAD-293', 'MCF_06', 'MCA14', 'CAD-124', 'CAD-145', 'CAD-141', 'CAD-237', 'nyu_Patient_0063', 'CAD-264', 'MCF_26', 'CAD-230', 'NU_Patient_0001', 'CAD-222', 'CAD-307', 'NU_Patient_0018', 'nyu_Patient_0129', 'CAD-95', 'CAD-291', 'CAD-36', 'CAD-128', 'CAD-40', 'NU_Patient_0003', 'MCF_15', 'AHN54', 'CAD-127', 'CAD-153', 'CAD-288', 'CAD-247', 'CAD-44', 'CAD-286', 'CAD-223', 'AHN27', 'nyu_Patient_0021', 'CAD-113', 'MCA57', 'CAD-190', 'nyu_Patient_0091', 'nyu_Patient_0099', 'CAD-84', 'MCF_41', 'CAD-34', 'nyu_Patient_0040', 'CAD-98', 'CAD-170', 'nyu_Patient_0127', 'CAD-194', 'CAD-258', 'CAD-140', 'nyu_Patient_0083', 'CAD-313', 'nyu_Patient_0093', 'CAD-159', 'CAD-238', 'CAD-290', 'nyu_Patient_0015', 'CAD-195', 'CAD-150', 'nyu_Patient_0031', 'CAD-189', 'MCF_30', 'NU_Patient_0016', 'CAD-88', 'AHN48', 'nyu_Patient_0007', 'nyu_Patient_0135', 'nyu_Patient_0047', 'CAD-125', 'MCA63', 'CAD-175', 'nyu_Patient_0125', 'CAD-295', 'AHN11', 'CAD-53', 'CAD-135', 'CAD-118', 'CAD-58', 'nyu_Patient_0139', 'nyu_Patient_0149', 'CAD-297', 'CAD-184', 'NU_Patient_0015', 'CAD-242', 'CAD-161', 'CAD-86', 'CAD-102', 'CAD-246', 'CAD-31', 'NU_Patient_0010', 'nyu_Patient_0097', 'nyu_Patient_0056', 'CAD-151', 'nyu_Patient_0065', 'CAD-43', 'CAD-149']
2023-07-19 02:43:14,790 - 

2023-07-19 02:43:14,791 - training Results
2023-07-19 02:43:14,791 - Global Steps: 0
2023-07-19 02:43:14,791 - training Loss: 0.46109
training/accuracy_simple 0.8223350253807107
training/accuracy_balanced 0.8230214621059692
